0.0       17.00    21.59
21.591    21.591   21.591
45.0      68.00    91.5
91.5     115.00   138.5
132.5    150.00   167.5
167.5    185.00   202.5
202.5    220.00   237.5
242.5    265.00   287.5
287.5    310.00   332.5
332.5    355.00   377.5
409.99   409.99   409.99
410.01   410.01   410.01
433.5    457.00   480.5
479.5    502.00   524.5
524.5    547.00   569.5
569.5    592.00   614.5
607.5    623.00   638.5
659.99   659.99   659.99
660.01   660.01   660.01
690.5    721.00   751.5
746.0    771.00   796.0
821.0    871.00   921.0
921.0    971.00  1021.0
1021.0  1071.00  1121.0
1121.0  1171.00  1221.0
1221.0  1271.00  1321.0
1321.0  1371.00  1421.0
1421.0  1471.00  1521.0
1521.0  1571.00  1621.0
1621.0  1671.00  1721.0
1721.0  1771.00  1821.0
1821.0  1871.00  1921.0
1921.0  1971.00  2021.0
2021.0  2071.00  2121.0
2121.0  2171.00  2221.0
2221.0  2271.00  2321.0
2321.0  2371.00  2421.0
2421.0  2471.00  2521.0
2521.0  2571.00  2621.0
2621.0  2671.00  2721.0
2706.0  2741.00  2776.0
2756.0  2771.00  2786.0
2821.0  2871.00  2921.0
2890.99 2890.99  2890.99
